0 0.274554 0.205357 0.38839300000000004 0.383929
0 0.7544639999999999 0.207589 0.375 0.379464
0 0.5044640000000001 0.5111610000000001 0.33928600000000003 0.34375000000000006
0 0.243304 0.7924110000000001 0.3794640000000001 0.3794640000000001
0 0.774554 0.796875 0.3705359999999999 0.3705359999999999
0 0.274554 0.205357 0.38839300000000004 0.383929
0 0.7544639999999999 0.207589 0.375 0.379464
0 0.5044640000000001 0.5111610000000001 0.33928600000000003 0.34375000000000006
0 0.243304 0.7924110000000001 0.3794640000000001 0.3794640000000001
0 0.774554 0.796875 0.3705359999999999 0.3705359999999999
0 0.274554 0.205357 0.38839300000000004 0.383929
0 0.7544639999999999 0.207589 0.375 0.379464
0 0.5044640000000001 0.5111610000000001 0.33928600000000003 0.34375000000000006
0 0.243304 0.7924110000000001 0.3794640000000001 0.3794640000000001
0 0.774554 0.796875 0.3705359999999999 0.3705359999999999
0 0.274554 0.205357 0.38839300000000004 0.383929
0 0.7544639999999999 0.207589 0.375 0.379464
0 0.5044640000000001 0.5111610000000001 0.33928600000000003 0.34375000000000006
0 0.243304 0.7924110000000001 0.3794640000000001 0.3794640000000001
0 0.774554 0.796875 0.3705359999999999 0.3705359999999999
0 0.274554 0.205357 0.38839300000000004 0.383929
0 0.7544639999999999 0.207589 0.375 0.379464
0 0.5044640000000001 0.5111610000000001 0.33928600000000003 0.34375000000000006
0 0.243304 0.7924110000000001 0.3794640000000001 0.3794640000000001
0 0.774554 0.796875 0.3705359999999999 0.3705359999999999
